   9.0094595e-02  -4.0000000e+00
   9.6922932e-02  -3.9597990e+00
   3.9875758e-02  -3.9195980e+00
   5.7596480e-02  -3.8793970e+00
   9.5165636e-02  -3.8391960e+00
  -7.7061775e-02  -3.7989950e+00
  -2.4482037e-01  -3.7587940e+00
  -1.1638267e-01  -3.7185930e+00
  -6.5370214e-02  -3.6783920e+00
   5.9597946e-02  -3.6381910e+00
  -7.3714370e-02  -3.5979899e+00
   9.8720165e-02  -3.5577889e+00
  -2.4788883e-01  -3.5175879e+00
  -3.2788904e-02  -3.4773869e+00
   2.8351825e-02  -3.4371859e+00
   1.0789532e-01  -3.3969849e+00
  -2.3661539e-01  -3.3567839e+00
  -1.4384289e-01  -3.3165829e+00
  -1.7988023e-01  -3.2763819e+00
   8.0560901e-02  -3.2361809e+00
  -1.1317155e-01  -3.1959799e+00
   7.8616284e-02  -3.1557789e+00
  -1.5598542e-01  -3.1155779e+00
   2.9973166e-02  -3.0753769e+00
  -1.2721465e-01  -3.0351759e+00
   3.8808717e-02  -2.9949749e+00
  -4.6056205e-02  -2.9547739e+00
  -1.8511567e-01  -2.9145729e+00
   2.4051928e-02  -2.8743719e+00
  -1.3179342e-02  -2.8341709e+00
   8.6677539e-02  -2.7939698e+00
   4.7598083e-03  -2.7537688e+00
   1.3886653e-01  -2.7135678e+00
   4.7163981e-02  -2.6733668e+00
  -3.0200306e-02  -2.6331658e+00
   2.5410633e-01  -2.5929648e+00
  -1.7387619e-01  -2.5527638e+00
   1.3582613e-01  -2.5125628e+00
  -5.8485944e-02  -2.4723618e+00
   4.3186765e-02  -2.4321608e+00
   1.7784613e-01  -2.3919598e+00
   1.6412793e-01  -2.3517588e+00
   1.5483611e-01  -2.3115578e+00
   1.1289879e-01  -2.2713568e+00
   2.5051964e-01  -2.2311558e+00
   1.1252942e-01  -2.1909548e+00
   7.0027968e-02  -2.1507538e+00
   2.5674636e-02  -2.1105528e+00
   4.7402782e-02  -2.0703518e+00
   1.1327812e-02  -2.0301508e+00
   8.3884674e-03  -1.9899497e+00
   1.1228700e-01  -1.9497487e+00
   3.6655792e-02  -1.9095477e+00
  -4.2356790e-01  -1.8693467e+00
  -5.1796615e-02  -1.8291457e+00
  -2.3578671e-01  -1.7889447e+00
  -9.9885347e-02  -1.7487437e+00
  -1.0387239e-01  -1.7085427e+00
  -6.4671416e-02  -1.6683417e+00
  -1.6404304e-01  -1.6281407e+00
  -3.1477210e-01  -1.5879397e+00
  -1.4253285e-01  -1.5477387e+00
  -1.0535338e-01  -1.5075377e+00
  -8.1623002e-02  -1.4673367e+00
  -2.3619633e-01  -1.4271357e+00
  -2.1399677e-01  -1.3869347e+00
  -1.6732119e-01  -1.3467337e+00
  -1.0544083e-01  -1.3065327e+00
  -7.9233472e-02  -1.2663317e+00
  -4.6864352e-02  -1.2261307e+00
  -2.6871697e-01  -1.1859296e+00
  -2.0079222e-02  -1.1457286e+00
  -5.9556169e-02  -1.1055276e+00
   2.8565007e-03  -1.0653266e+00
  -2.7529650e-01  -1.0251256e+00
   7.1700770e-02  -9.8492462e-01
   8.3188582e-02  -9.4472362e-01
   8.2356983e-02  -9.0452261e-01
   1.0085501e-01  -8.6432161e-01
   1.8700172e-01  -8.2412060e-01
   2.8557040e-01  -7.8391960e-01
   2.2256829e-01  -7.4371859e-01
   2.2942099e-01  -7.0351759e-01
   5.5444805e-01  -6.6331658e-01
   3.9650007e-01  -6.2311558e-01
   4.6099338e-01  -5.8291457e-01
   4.6261648e-01  -5.4271357e-01
   6.3413380e-01  -5.0251256e-01
   6.5639066e-01  -4.6231156e-01
   8.8722954e-01  -4.2211055e-01
   7.3604898e-01  -3.8190955e-01
   7.4491932e-01  -3.4170854e-01
   6.6793171e-01  -3.0150754e-01
   8.7706764e-01  -2.6130653e-01
   9.8613017e-01  -2.2110553e-01
   1.0128042e+00  -1.8090452e-01
   9.5998558e-01  -1.4070352e-01
   9.4083555e-01  -1.0050251e-01
   1.0211937e+00  -6.0301508e-02
   1.0244934e+00  -2.0100503e-02
   9.0519915e-01   2.0100503e-02
   9.3282355e-01   6.0301508e-02
   1.0158528e+00   1.0050251e-01
   9.0478062e-01   1.4070352e-01
   9.0441714e-01   1.8090452e-01
   8.8965592e-01   2.2110553e-01
   9.0662679e-01   2.6130653e-01
   9.1078800e-01   3.0150754e-01
   8.3553775e-01   3.4170854e-01
   9.1951282e-01   3.8190955e-01
   8.4429858e-01   4.2211055e-01
   8.2914546e-01   4.6231156e-01
   5.7278509e-01   5.0251256e-01
   7.3773989e-01   5.4271357e-01
   6.5295080e-01   5.8291457e-01
   3.7233732e-01   6.2311558e-01
   3.2494737e-01   6.6331658e-01
   3.5972122e-01   7.0351759e-01
   1.8222385e-01   7.4371859e-01
   3.4693607e-01   7.8391960e-01
   1.3384878e-01   8.2412060e-01
  -1.8146662e-02   8.6432161e-01
   7.3480068e-02   9.0452261e-01
   6.4306972e-02   9.4472362e-01
  -1.6086077e-01   9.8492462e-01
  -1.2025330e-02   1.0251256e+00
  -2.0658008e-02   1.0653266e+00
  -2.0502203e-01   1.1055276e+00
  -1.3482649e-01   1.1457286e+00
  -1.4839400e-01   1.1859296e+00
  -1.3956674e-01   1.2261307e+00
  -2.2444290e-02   1.2663317e+00
  -1.3151657e-01   1.3065327e+00
  -2.1546426e-01   1.3467337e+00
  -3.2374575e-01   1.3869347e+00
  -2.8475177e-01   1.4271357e+00
  -1.7718662e-01   1.4673367e+00
  -1.4147206e-01   1.5075377e+00
  -7.9634535e-02   1.5477387e+00
  -2.3176343e-01   1.5879397e+00
  -1.6110173e-01   1.6281407e+00
  -6.9572925e-02   1.6683417e+00
  -4.2142448e-02   1.7085427e+00
  -5.0605105e-02   1.7487437e+00
  -8.0464222e-03   1.7889447e+00
  -1.1620963e-01   1.8291457e+00
  -6.9707655e-04   1.8693467e+00
  -2.1852251e-02   1.9095477e+00
  -1.0542039e-01   1.9497487e+00
  -3.3763701e-02   1.9899497e+00
   1.1076458e-01   2.0301508e+00
  -1.2205773e-01   2.0703518e+00
   9.4114575e-04   2.1105528e+00
   8.4004928e-02   2.1507538e+00
  -9.5871248e-03   2.1909548e+00
   5.7747183e-02   2.2311558e+00
   1.0606324e-01   2.2713568e+00
   3.9354338e-02   2.3115578e+00
   2.0155680e-01   2.3517588e+00
   1.5999046e-01   2.3919598e+00
  -4.2638073e-02   2.4321608e+00
   2.4886804e-01   2.4723618e+00
   2.8431060e-01   2.5125628e+00
   2.2639981e-01   2.5527638e+00
   1.4856900e-01   2.5929648e+00
   4.3985308e-01   2.6331658e+00
   5.1537731e-02   2.6733668e+00
   1.5478746e-01   2.7135678e+00
   1.3096621e-01   2.7537688e+00
   1.6534128e-01   2.7939698e+00
   1.3754907e-01   2.8341709e+00
   1.0007338e-01   2.8743719e+00
  -4.3582022e-02   2.9145729e+00
   4.5231220e-02   2.9547739e+00
  -5.8638234e-02   2.9949749e+00
   8.4909489e-02   3.0351759e+00
  -1.5011549e-01   3.0753769e+00
  -8.2554168e-02   3.1155779e+00
  -1.1456931e-01   3.1557789e+00
  -9.7413469e-02   3.1959799e+00
  -9.0338645e-02   3.2361809e+00
  -8.6697744e-02   3.2763819e+00
  -9.8131656e-02   3.3165829e+00
   6.4397033e-02   3.3567839e+00
  -5.2169259e-02   3.3969849e+00
   2.9925600e-02   3.4371859e+00
  -1.4304896e-01   3.4773869e+00
  -6.3876817e-02   3.5175879e+00
  -1.0322905e-01   3.5577889e+00
   6.7818319e-03   3.5979899e+00
  -5.4359657e-03   3.6381910e+00
  -1.0577318e-02   3.6783920e+00
  -1.3136560e-01   3.7185930e+00
  -2.3335120e-01   3.7587940e+00
  -1.1618111e-01   3.7989950e+00
   5.7761131e-02   3.8391960e+00
   1.6907113e-01   3.8793970e+00
  -1.2063919e-01   3.9195980e+00
   5.6355000e-02   3.9597990e+00
   1.9870187e-01   4.0000000e+00
