  -5.3557518e-01  -4.0000000e+00
   1.6808759e-01  -3.5979899e+00
   6.1197133e-01  -3.1959799e+00
  -2.9569417e-01  -2.7939698e+00
  -4.7818398e-01  -2.3919598e+00
   4.5666956e-01  -1.9899497e+00
  -1.4254520e-01  -1.5879397e+00
  -3.5618034e-01  -1.1859296e+00
   1.9321931e-01  -7.8391960e-01
  -2.7327641e-02  -3.8190955e-01
  -9.3685951e-02   2.0100503e-02
   1.6527528e+00   4.2211055e-01
  -5.4851869e-01   8.2412060e-01
   5.5258582e-01   1.2261307e+00
  -2.0772552e-01   1.6281407e+00
  -2.5712172e-01   2.0301508e+00
  -7.8929237e-01   2.4321608e+00
   4.8239908e-01   2.8341709e+00
   7.3987514e-01   3.2361809e+00
  -3.2055367e-01   3.6381910e+00
